100 33.33 0.90 0.86
100 50.00 0.90 2.11
100 60.00 0.90 3.46
100 66.67 0.90 4.85
100 71.43 0.90 6.26
100 75.00 0.90 7.65
100 77.78 0.90 9.02
100 80.00 0.90 10.33
100 81.82 0.90 11.60
100 83.33 0.90 12.81
100 84.62 0.90 13.96
100 85.71 0.90 15.06
100 86.67 0.90 16.09
100 87.50 0.90 17.08
100 88.24 0.90 18.01
100 88.89 0.90 18.90
100 89.47 0.90 19.74
100 90.00 0.90 20.53
100 90.48 0.90 21.29
100 90.91 0.90 22.00
100 91.30 0.90 22.68
100 91.67 0.90 23.33
100 92.00 0.90 23.94
100 92.31 0.90 24.54
100 92.59 0.90 25.09
100 92.86 0.90 25.63
100 93.10 0.90 26.14
100 93.33 0.90 26.63
100 93.55 0.90 27.09
100 93.75 0.90 27.54
100 93.94 0.90 27.97
100 94.12 0.90 28.39
105 33.33 0.90 0.89
105 50.00 0.90 2.18
105 60.00 0.90 3.57
105 66.67 0.90 5.01
105 75.00 0.90 7.90
105 80.00 0.90 10.67
105 83.33 0.90 13.23
105 85.71 0.90 15.56
105 87.50 0.90 17.64
105 88.89 0.90 19.52
105 90.00 0.90 21.21
105 90.91 0.90 22.73
105 91.67 0.90 24.10
105 92.31 0.90 25.35
105 92.86 0.90 26.48
105 93.33 0.90 27.51
105 93.75 0.90 28.45
105 93.94 0.90 28.89
105 94.12 0.90 29.33
110 33.33 0.90 0.92
110 50.00 0.90 2.25
110 60.00 0.90 3.69
110 71.43 0.90 6.68
110 77.78 0.90 9.62
110 81.82 0.90 12.38
110 84.62 0.90 14.90
110 86.67 0.90 17.17
110 88.24 0.90 19.22
110 89.47 0.90 21.06
110 90.48 0.90 22.72
110 91.30 0.90 24.20
110 92.00 0.90 25.54
110 92.59 0.90 26.77
110 93.10 0.90 27.89
110 93.55 0.90 28.91
110 93.94 0.90 29.84
110 94.12 0.90 30.29
115 33.33 0.90 0.95
115 50.00 0.90 2.32
115 60.00 0.90 3.81
115 66.67 0.90 5.34
115 71.43 0.90 6.90
115 75.00 0.90 8.43
115 77.78 0.90 9.94
115 80.00 0.90 11.38
115 81.82 0.90 12.78
115 83.33 0.90 14.11
115 84.62 0.90 15.38
115 85.71 0.90 16.59
115 86.67 0.90 17.73
115 87.50 0.90 18.82
115 88.24 0.90 19.84
115 88.89 0.90 20.82
115 89.47 0.90 21.75
115 90.00 0.90 22.62
115 90.48 0.90 23.46
115 90.91 0.90 24.24
115 91.30 0.90 24.99
115 91.67 0.90 25.70
115 92.00 0.90 26.38
115 92.31 0.90 27.04
115 92.59 0.90 27.64
115 92.86 0.90 28.24
115 93.10 0.90 28.80
115 93.33 0.90 29.34
115 93.55 0.90 29.85
115 93.75 0.90 30.34
115 93.94 0.90 30.82
115 94.12 0.90 31.28
120 33.33 0.90 0.98
120 50.00 0.90 2.40
120 60.00 0.90 3.94
120 71.43 0.90 7.12
120 77.78 0.90 10.26
120 81.82 0.90 13.20
120 84.62 0.90 15.88
120 86.67 0.90 18.30
120 88.24 0.90 20.49
120 89.47 0.90 22.45
120 90.48 0.90 24.22
120 91.30 0.90 25.80
120 92.00 0.90 27.23
120 92.59 0.90 28.54
120 93.10 0.90 29.73
120 93.55 0.90 30.81
120 93.94 0.90 31.82
120 94.12 0.90 32.29
125 33.33 0.90 1.01
125 50.00 0.90 2.48
125 60.00 0.90 4.06
125 66.67 0.90 5.69
125 75.00 0.90 8.98
125 80.00 0.90 12.13
125 83.33 0.90 15.04
125 85.71 0.90 17.68
125 87.50 0.90 20.06
125 88.89 0.90 22.19
125 90.00 0.90 24.11
125 90.91 0.90 25.83
125 91.67 0.90 27.39
125 92.31 0.90 28.81
125 92.86 0.90 30.09
125 93.33 0.90 31.27
125 93.75 0.90 32.34
125 93.94 0.90 32.84
125 94.12 0.90 33.34
130 33.33 0.90 1.04
130 50.00 0.90 2.56
130 60.00 0.90 4.19
130 66.67 0.90 5.88
130 71.43 0.90 7.59
130 75.00 0.90 9.27
130 77.78 0.90 10.93
130 80.00 0.90 12.52
130 81.82 0.90 14.06
130 83.33 0.90 15.52
130 84.62 0.90 16.92
130 85.71 0.90 18.25
130 86.67 0.90 19.50
130 87.50 0.90 20.70
130 88.24 0.90 21.82
130 88.89 0.90 22.90
130 89.47 0.90 23.92
130 90.00 0.90 24.88
130 90.48 0.90 25.80
130 90.91 0.90 26.66
130 91.30 0.90 27.48
130 91.67 0.90 28.27
130 92.00 0.90 29.01
130 92.31 0.90 29.74
130 92.59 0.90 30.40
130 92.86 0.90 31.06
130 93.10 0.90 31.67
130 93.33 0.90 32.27
130 93.55 0.90 32.82
130 93.75 0.90 33.37
130 93.94 0.90 33.89
130 94.12 0.90 34.40
100 33.33 0.80 1.01
100 50.00 0.80 2.43
100 60.00 0.80 3.96
100 66.67 0.80 5.54
100 71.43 0.80 7.14
100 75.00 0.80 8.71
100 77.78 0.80 10.24
100 80.00 0.80 11.73
100 81.82 0.80 13.15
100 83.33 0.80 14.50
100 84.62 0.80 15.79
100 85.71 0.80 17.01
100 86.67 0.80 18.16
100 87.50 0.80 19.26
100 88.24 0.80 20.30
100 88.89 0.80 21.38
100 89.47 0.80 22.21
100 90.00 0.80 23.09
100 90.48 0.80 23.92
100 90.91 0.80 24.72
100 91.30 0.80 25.47
100 91.67 0.80 26.18
100 92.00 0.80 26.87
100 92.31 0.80 27.51
100 92.59 0.80 28.13
100 92.86 0.80 28.72
100 93.10 0.80 29.28
100 93.33 0.80 29.81
100 93.55 0.80 30.33
100 93.75 0.80 30.82
100 93.94 0.80 31.30
100 94.12 0.80 31.75
105 33.33 0.80 1.04
105 50.00 0.80 2.51
105 60.00 0.80 4.09
105 66.67 0.80 5.72
105 75.00 0.80 9.00
105 80.00 0.80 12.12
105 83.33 0.80 14.98
105 85.71 0.80 17.57
105 87.50 0.80 19.90
105 88.89 0.80 22.09
105 90.00 0.80 23.85
105 90.91 0.80 25.54
105 91.67 0.80 27.04
105 92.31 0.80 28.42
105 92.86 0.80 29.67
105 93.33 0.80 30.79
105 93.75 0.80 31.84
105 93.94 0.80 32.33
105 94.12 0.80 32.80
110 33.33 0.80 1.08
110 50.00 0.80 2.59
110 60.00 0.80 4.23
110 71.43 0.80 7.62
110 77.78 0.80 10.93
110 81.82 0.80 14.03
110 84.62 0.80 16.85
110 86.67 0.80 19.38
110 88.24 0.80 21.66
110 89.47 0.80 23.70
110 90.48 0.80 25.52
110 91.30 0.80 27.18
110 92.00 0.80 28.67
110 92.59 0.80 30.01
110 93.10 0.80 31.24
110 93.55 0.80 32.36
110 93.94 0.80 33.40
110 94.12 0.80 33.88
115 33.33 0.80 1.11
115 50.00 0.80 2.68
115 60.00 0.80 4.36
115 66.67 0.80 6.10
115 71.43 0.80 7.87
115 75.00 0.80 9.60
115 77.78 0.80 11.28
115 80.00 0.80 12.92
115 81.82 0.80 14.49
115 83.33 0.80 15.98
115 84.62 0.80 17.40
115 85.71 0.80 18.74
115 86.67 0.80 20.01
115 87.50 0.80 21.22
115 88.24 0.80 22.37
115 88.89 0.80 23.56
115 89.47 0.80 24.47
115 90.00 0.80 25.44
115 90.48 0.80 26.36
115 90.91 0.80 27.24
115 91.30 0.80 28.06
115 91.67 0.80 28.85
115 92.00 0.80 29.61
115 92.31 0.80 30.31
115 92.59 0.80 30.99
115 92.86 0.80 31.64
115 93.10 0.80 32.26
115 93.33 0.80 32.84
115 93.55 0.80 33.42
115 93.75 0.80 33.96
115 93.94 0.80 34.48
115 94.12 0.80 34.98
120 33.33 0.80 1.15
120 50.00 0.80 2.76
120 60.00 0.80 4.50
120 71.43 0.80 8.12
120 77.78 0.80 11.65
120 81.82 0.80 14.96
120 84.62 0.80 17.96
120 86.67 0.80 20.66
120 88.24 0.80 23.09
120 89.47 0.80 25.26
120 90.48 0.80 27.21
120 91.30 0.80 28.97
120 92.00 0.80 30.56
120 92.59 0.80 32.00
120 93.10 0.80 33.31
120 93.55 0.80 34.50
120 93.94 0.80 35.60
120 94.12 0.80 36.12
125 33.33 0.80 1.19
125 50.00 0.80 2.85
125 60.00 0.80 4.65
125 66.67 0.80 6.50
125 75.00 0.80 10.23
125 80.00 0.80 13.77
125 83.33 0.80 17.03
125 85.71 0.80 19.97
125 87.50 0.80 22.62
125 88.89 0.80 25.10
125 90.00 0.80 27.11
125 90.91 0.80 29.03
125 91.67 0.80 30.74
125 92.31 0.80 32.30
125 92.86 0.80 33.72
125 93.33 0.80 35.00
125 93.75 0.80 36.19
125 93.94 0.80 36.75
125 94.12 0.80 37.28
130 33.33 0.80 1.22
130 50.00 0.80 2.94
130 60.00 0.80 4.80
130 66.67 0.80 6.71
130 71.43 0.80 8.65
130 75.00 0.80 10.55
130 77.78 0.80 12.41
130 80.00 0.80 14.21
130 81.82 0.80 15.93
130 83.33 0.80 17.57
130 84.62 0.80 19.13
130 85.71 0.80 20.61
130 86.67 0.80 22.00
130 87.50 0.80 23.34
130 88.24 0.80 24.60
130 88.89 0.80 25.91
130 89.47 0.80 26.91
130 90.00 0.80 27.98
130 90.48 0.80 28.98
130 90.91 0.80 29.95
130 91.30 0.80 30.86
130 91.67 0.80 31.72
130 92.00 0.80 32.56
130 92.31 0.80 33.33
130 92.59 0.80 34.09
130 92.86 0.80 34.80
130 93.10 0.80 35.48
130 93.33 0.80 36.12
130 93.55 0.80 36.75
130 93.75 0.80 37.34
130 93.94 0.80 37.93
130 94.12 0.80 38.47
100 33.33 0.70 1.21
100 50.00 0.70 2.89
100 60.00 0.70 4.64
100 66.67 0.70 6.42
100 71.43 0.70 8.19
100 75.00 0.70 9.94
100 77.78 0.70 11.65
100 80.00 0.70 13.30
100 81.82 0.70 14.88
100 83.33 0.70 16.39
100 84.62 0.70 17.84
100 85.71 0.70 19.20
100 86.67 0.70 20.49
100 87.50 0.70 21.72
100 88.24 0.70 22.88
100 88.89 0.70 23.99
100 89.47 0.70 25.03
100 90.00 0.70 26.03
100 90.48 0.70 26.97
100 90.91 0.70 27.86
100 91.30 0.70 28.71
100 91.67 0.70 29.52
100 92.00 0.70 30.28
100 92.31 0.70 31.02
100 92.59 0.70 31.72
100 92.86 0.70 32.38
100 93.10 0.70 33.03
100 93.33 0.70 33.63
100 93.55 0.70 34.21
100 93.75 0.70 34.77
100 93.94 0.70 35.31
100 94.12 0.70 35.83
105 33.33 0.70 1.25
105 50.00 0.70 2.99
105 60.00 0.70 4.79
105 66.67 0.70 6.63
105 75.00 0.70 10.27
105 80.00 0.70 13.74
105 83.33 0.70 16.93
105 85.71 0.70 19.83
105 87.50 0.70 22.44
105 88.89 0.70 24.78
105 90.00 0.70 26.89
105 90.91 0.70 28.78
105 91.67 0.70 30.49
105 92.31 0.70 32.04
105 92.86 0.70 33.45
105 93.33 0.70 34.74
105 93.75 0.70 35.92
105 93.94 0.70 36.48
105 94.12 0.70 37.01
110 33.33 0.70 1.29
110 50.00 0.70 3.08
110 60.00 0.70 4.95
110 71.43 0.70 8.74
110 77.78 0.70 12.43
110 81.82 0.70 15.88
110 84.62 0.70 19.04
110 86.67 0.70 21.86
110 88.24 0.70 24.41
110 89.47 0.70 26.71
110 90.48 0.70 28.78
110 91.30 0.70 30.63
110 92.00 0.70 32.31
110 92.59 0.70 33.85
110 93.10 0.70 35.24
110 93.55 0.70 36.50
110 93.94 0.70 37.68
110 94.12 0.70 38.23
115 33.33 0.70 1.33
115 50.00 0.70 3.18
115 60.00 0.70 5.11
115 66.67 0.70 7.07
115 71.43 0.70 9.02
115 75.00 0.70 10.95
115 77.78 0.70 12.84
115 80.00 0.70 14.65
115 81.82 0.70 16.39
115 83.33 0.70 18.06
115 84.62 0.70 19.66
115 85.71 0.70 21.15
115 86.67 0.70 22.58
115 87.50 0.70 23.93
115 88.24 0.70 25.21
115 88.89 0.70 26.43
115 89.47 0.70 27.58
115 90.00 0.70 28.68
115 90.48 0.70 29.72
115 90.91 0.70 30.70
115 91.30 0.70 31.63
115 91.67 0.70 32.53
115 92.00 0.70 33.36
115 92.31 0.70 34.18
115 92.59 0.70 34.95
115 92.86 0.70 35.68
115 93.10 0.70 36.39
115 93.33 0.70 37.05
115 93.55 0.70 37.69
115 93.75 0.70 38.31
115 93.94 0.70 38.90
115 94.12 0.70 39.48
120 33.33 0.70 1.38
120 50.00 0.70 3.29
120 60.00 0.70 5.28
120 66.67 0.70 7.30
120 71.43 0.70 9.32
120 75.00 0.70 11.31
120 77.78 0.70 13.25
120 80.00 0.70 15.13
125 33.33 0.70 1.42
125 50.00 0.70 3.39
125 60.00 0.70 5.45
125 66.67 0.70 7.54
125 71.43 0.70 9.62
125 75.00 0.70 11.67
125 77.78 0.70 13.68
125 80.00 0.70 15.62
130 33.33 0.70 1.47
130 50.00 0.70 3.50
130 60.00 0.70 5.62
130 66.67 0.70 7.78
130 71.43 0.70 9.92
130 75.00 0.70 12.04
130 77.78 0.70 14.12
130 80.00 0.70 16.12
60 33.33 0.90 0.66
60 50.00 0.90 1.61
60 60.00 0.90 2.64
60 66.67 0.90 3.70
60 71.43 0.90 4.78
60 75.00 0.90 5.84
60 77.78 0.90 6.88
60 80.00 0.90 7.88
60 81.82 0.90 8.85
60 83.33 0.90 9.77
60 84.62 0.90 10.65
60 85.71 0.90 11.49
65 33.33 0.90 0.68
65 66.67 0.90 3.83
65 75.00 0.90 6.04
65 80.00 0.90 8.16
65 83.33 0.90 10.12
65 85.71 0.90 11.90
65 87.50 0.90 13.49
65 88.89 0.90 14.93
65 90.00 0.90 16.22
65 90.91 0.90 17.38
65 91.67 0.90 18.43
65 92.31 0.90 19.39
65 92.86 0.90 20.25
65 93.33 0.90 21.04
65 93.75 0.90 21.76
65 94.12 0.90 22.43
70 33.33 0.90 0.70
70 60.00 0.90 2.83
70 71.43 0.90 5.12
70 77.78 0.90 7.38
70 81.82 0.90 9.49
70 84.62 0.90 11.42
70 86.67 0.90 13.16
70 88.24 0.90 14.73
70 89.47 0.90 16.15
70 90.48 0.90 17.41
70 91.30 0.90 18.55
70 92.00 0.90 19.58
70 92.59 0.90 20.52
70 93.10 0.90 21.38
70 93.55 0.90 22.16
70 93.94 0.90 22.88
70 94.12 0.90 23.22
75 33.33 0.90 0.73
75 66.67 0.90 4.11
75 75.00 0.90 6.47
75 80.00 0.90 8.74
75 83.33 0.90 10.84
75 85.71 0.90 12.75
75 87.50 0.90 14.46
75 88.89 0.90 16.00
75 90.00 0.90 17.38
75 90.91 0.90 18.62
75 91.67 0.90 19.75
75 92.31 0.90 20.77
75 92.86 0.90 21.69
75 93.33 0.90 22.54
75 93.75 0.90 23.31
75 94.12 0.90 24.03
80 33.33 0.90 0.75
80 60.00 0.90 3.03
80 71.43 0.90 5.48
80 77.78 0.90 7.90
80 81.82 0.90 10.16
80 84.62 0.90 12.22
80 86.67 0.90 14.09
80 88.24 0.90 15.77
80 89.47 0.90 17.29
80 90.48 0.90 18.64
80 91.30 0.90 19.86
80 92.00 0.90 20.96
80 92.59 0.90 21.97
80 93.10 0.90 22.89
80 93.55 0.90 23.72
80 93.94 0.90 24.49
80 94.12 0.90 24.86
85 33.33 0.90 0.78
85 66.67 0.90 4.39
85 75.00 0.90 6.93
85 80.00 0.90 9.35
85 83.33 0.90 11.60
85 85.71 0.90 13.64
85 87.50 0.90 15.47
85 88.89 0.90 17.12
85 90.00 0.90 18.59
85 90.91 0.90 19.92
85 91.67 0.90 21.13
85 92.31 0.90 22.22
85 92.86 0.90 23.21
85 93.33 0.90 24.12
85 93.75 0.90 24.94
85 94.12 0.90 25.71
90 33.33 0.90 0.80
90 60.00 0.90 3.24
90 71.43 0.90 5.85
90 77.78 0.90 8.44
90 81.82 0.90 10.85
90 84.62 0.90 13.07
90 86.67 0.90 15.07
90 88.24 0.90 16.86
90 89.47 0.90 18.49
90 90.48 0.90 19.93
90 91.30 0.90 21.24
90 92.00 0.90 22.42
90 92.59 0.90 23.50
90 93.10 0.90 24.47
90 93.55 0.90 25.36
90 93.94 0.90 26.19
90 94.12 0.90 26.58
95 33.33 0.90 0.83
95 66.67 0.90 4.69
95 75.00 0.90 7.40
95 80.00 0.90 10.00
95 83.33 0.90 12.40
95 85.71 0.90 14.58
95 87.50 0.90 16.53
95 88.89 0.90 18.29
95 90.00 0.90 19.87
95 90.91 0.90 21.29
95 91.67 0.90 22.58
95 92.31 0.90 23.75
95 92.86 0.90 24.80
95 93.33 0.90 25.77
95 93.75 0.90 26.65
95 94.12 0.90 27.47
100 33.33 0.90 0.86
100 60.00 0.90 3.46
100 71.43 0.90 6.26
100 77.78 0.90 9.02
100 81.82 0.90 11.60
100 84.62 0.90 13.96
100 86.67 0.90 16.09
100 88.24 0.90 18.01
100 89.47 0.90 19.74
100 90.48 0.90 21.29
100 91.30 0.90 22.68
100 92.00 0.90 23.94
100 92.59 0.90 25.09
100 93.10 0.90 26.14
100 93.55 0.90 27.09
100 93.94 0.90 27.97
100 94.12 0.90 28.39
60 33.33 0.80 0.77
60 50.00 0.80 1.85
60 60.00 0.80 3.02
60 66.67 0.80 4.23
60 71.43 0.80 5.45
60 75.00 0.80 6.64
60 77.78 0.80 7.81
60 80.00 0.80 8.95
60 81.82 0.80 10.03
60 83.33 0.80 11.06
60 84.62 0.80 12.04
60 85.71 0.80 12.98
60 86.67 0.80 13.85
60 87.50 0.80 14.69
60 88.24 0.80 15.48
60 88.89 0.80 16.23
60 89.47 0.80 16.94
60 90.00 0.80 17.61
60 90.48 0.80 18.25
60 90.91 0.80 18.86
60 91.30 0.80 19.43
60 91.67 0.80 19.97
60 92.00 0.80 20.50
60 92.31 0.80 20.98
60 92.59 0.80 21.46
60 92.86 0.80 21.91
60 93.10 0.80 22.33
60 93.33 0.80 22.74
60 93.55 0.80 23.14
60 93.75 0.80 23.51
60 93.94 0.80 23.88
60 94.12 0.80 24.22
65 33.33 0.80 0.80
65 66.67 0.80 4.38
65 75.00 0.80 6.88
65 80.00 0.80 9.27
65 83.33 0.80 11.46
65 85.71 0.80 13.44
65 87.50 0.80 15.22
65 88.89 0.80 16.89
65 90.00 0.80 18.24
65 90.91 0.80 19.53
65 91.67 0.80 20.68
65 92.31 0.80 21.74
65 92.86 0.80 22.69
65 93.33 0.80 23.55
65 93.75 0.80 24.35
65 94.12 0.80 25.09
70 33.33 0.80 0.83
70 60.00 0.80 3.24
70 71.43 0.80 5.84
70 77.78 0.80 8.38
70 81.82 0.80 10.76
70 84.62 0.80 12.91
70 86.67 0.80 14.85
70 88.24 0.80 16.60
70 89.47 0.80 18.17
70 90.48 0.80 19.56
70 91.30 0.80 20.83
70 92.00 0.80 21.98
70 92.59 0.80 23.01
70 93.10 0.80 23.95
70 93.55 0.80 24.81
70 93.94 0.80 25.60
70 94.12 0.80 25.97
75 33.33 0.80 0.85
75 66.67 0.80 4.69
75 75.00 0.80 7.37
75 80.00 0.80 9.93
75 83.33 0.80 12.27
75 85.71 0.80 14.40
75 87.50 0.80 16.30
75 88.89 0.80 18.10
75 90.00 0.80 19.54
75 90.91 0.80 20.92
75 91.67 0.80 22.16
75 92.31 0.80 23.28
75 92.86 0.80 24.31
75 93.33 0.80 25.23
75 93.75 0.80 26.09
75 94.12 0.80 26.87
80 33.33 0.80 0.88
80 60.00 0.80 3.47
80 71.43 0.80 6.25
80 77.78 0.80 8.97
80 81.82 0.80 11.51
80 84.62 0.80 13.83
80 86.67 0.80 15.90
80 88.24 0.80 17.78
80 89.47 0.80 19.45
80 90.48 0.80 20.95
80 91.30 0.80 22.30
80 92.00 0.80 23.53
80 92.59 0.80 24.63
80 93.10 0.80 25.64
80 93.55 0.80 26.56
80 93.94 0.80 27.41
80 94.12 0.80 27.80
85 33.33 0.80 0.91
85 66.67 0.80 5.02
85 75.00 0.80 7.89
85 80.00 0.80 10.62
85 83.33 0.80 13.13
85 85.71 0.80 15.40
85 87.50 0.80 17.44
85 88.89 0.80 19.36
85 90.00 0.80 20.91
85 90.91 0.80 22.39
85 91.67 0.80 23.71
85 92.31 0.80 24.91
85 92.86 0.80 26.01
85 93.33 0.80 27.00
85 93.75 0.80 27.91
85 94.12 0.80 28.75
90 33.33 0.80 0.95
90 60.00 0.80 3.71
90 71.43 0.80 6.69
90 77.78 0.80 9.59
90 81.82 0.80 12.31
90 84.62 0.80 14.78
90 86.67 0.80 17.00
90 88.24 0.80 19.01
90 89.47 0.80 20.80
90 90.48 0.80 22.40
90 91.30 0.80 23.85
90 92.00 0.80 25.16
90 92.59 0.80 26.34
90 93.10 0.80 27.41
90 93.55 0.80 28.40
90 93.94 0.80 29.31
90 94.12 0.80 29.73
95 33.33 0.80 0.98
95 66.67 0.80 5.36
95 75.00 0.80 8.43
95 80.00 0.80 11.35
95 83.33 0.80 14.03
95 85.71 0.80 16.46
95 87.50 0.80 18.64
95 88.89 0.80 20.69
95 90.00 0.80 22.35
95 90.91 0.80 23.92
95 91.67 0.80 25.34
95 92.31 0.80 26.62
95 92.86 0.80 27.80
95 93.33 0.80 28.85
95 93.75 0.80 29.83
95 94.12 0.80 30.73
100 33.33 0.80 1.01
100 60.00 0.80 3.96
100 71.43 0.80 7.14
100 77.78 0.80 10.24
100 81.82 0.80 13.15
100 84.62 0.80 15.79
100 86.67 0.80 18.16
100 88.24 0.80 20.30
100 89.47 0.80 22.21
100 90.48 0.80 23.92
100 91.30 0.80 25.47
100 92.00 0.80 26.87
100 92.59 0.80 28.13
100 93.10 0.80 29.28
100 93.55 0.80 30.33
100 93.94 0.80 31.30
100 94.12 0.80 31.75
60 33.33 0.70 0.92
60 50.00 0.70 2.20
60 60.00 0.70 3.54
60 66.67 0.70 4.90
60 71.43 0.70 6.25
60 75.00 0.70 7.58
60 77.78 0.70 8.89
60 80.00 0.70 10.15
60 81.82 0.70 11.35
60 83.33 0.70 12.50
60 84.62 0.70 13.61
60 85.71 0.70 14.65
60 86.67 0.70 15.63
60 87.50 0.70 16.57
60 88.24 0.70 17.45
60 88.89 0.70 18.30
60 89.47 0.70 19.09
60 90.00 0.70 19.86
60 90.48 0.70 20.57
60 90.91 0.70 21.25
60 91.30 0.70 21.90
60 91.67 0.70 22.52
60 92.00 0.70 23.10
60 92.31 0.70 23.66
60 92.59 0.70 24.20
60 92.86 0.70 24.70
60 93.10 0.70 25.20
60 93.33 0.70 25.65
60 93.55 0.70 26.10
60 93.75 0.70 26.52
60 93.94 0.70 26.93
60 94.12 0.70 27.33
65 33.33 0.70 0.96
65 66.67 0.70 5.07
65 75.00 0.70 7.85
65 80.00 0.70 10.51
65 83.33 0.70 12.95
65 85.71 0.70 15.17
65 87.50 0.70 17.16
65 88.89 0.70 18.95
65 90.00 0.70 20.57
65 90.91 0.70 22.01
65 91.67 0.70 23.32
65 92.31 0.70 24.51
65 92.86 0.70 25.58
65 93.33 0.70 26.57
65 93.75 0.70 27.47
65 94.12 0.70 28.31
70 33.33 0.70 0.99
70 60.00 0.70 3.80
70 71.43 0.70 6.70
70 77.78 0.70 9.53
70 81.82 0.70 12.17
70 84.62 0.70 14.59
70 86.67 0.70 16.76
70 88.24 0.70 18.71
70 89.47 0.70 20.47
70 90.48 0.70 22.06
70 91.30 0.70 23.48
70 92.00 0.70 24.77
70 92.59 0.70 25.94
70 93.10 0.70 27.02
70 93.55 0.70 27.98
70 93.94 0.70 28.88
70 94.12 0.70 29.31
75 33.33 0.70 1.02
75 66.67 0.70 5.43
75 75.00 0.70 8.41
75 80.00 0.70 11.26
75 83.33 0.70 13.87
75 85.71 0.70 16.25
75 87.50 0.70 18.38
75 88.89 0.70 20.31
75 90.00 0.70 22.03
75 90.91 0.70 23.58
75 91.67 0.70 24.99
75 92.31 0.70 26.26
75 92.86 0.70 27.41
75 93.33 0.70 28.46
75 93.75 0.70 29.43
75 94.12 0.70 30.33
80 33.33 0.70 1.06
80 60.00 0.70 4.06
80 71.43 0.70 7.17
80 77.78 0.70 10.20
80 81.82 0.70 13.03
80 84.62 0.70 15.62
80 86.67 0.70 17.94
80 88.24 0.70 20.04
80 89.47 0.70 21.92
80 90.48 0.70 23.62
80 91.30 0.70 25.14
80 92.00 0.70 26.52
80 92.59 0.70 27.78
80 93.10 0.70 28.92
80 93.55 0.70 29.96
80 93.94 0.70 30.92
80 94.12 0.70 31.38
85 33.33 0.70 1.10
85 66.67 0.70 5.81
85 75.00 0.70 9.00
85 80.00 0.70 12.04
85 83.33 0.70 14.84
85 85.71 0.70 17.39
85 87.50 0.70 19.67
85 88.89 0.70 21.73
85 90.00 0.70 23.57
85 90.91 0.70 25.23
85 91.67 0.70 26.73
85 92.31 0.70 28.09
85 92.86 0.70 29.32
85 93.33 0.70 30.46
85 93.75 0.70 31.49
85 94.12 0.70 32.45
90 33.33 0.70 1.13
90 60.00 0.70 4.34
90 71.43 0.70 7.67
90 77.78 0.70 10.91
90 81.82 0.70 13.93
90 84.62 0.70 16.70
90 86.67 0.70 19.18
90 88.24 0.70 21.42
90 89.47 0.70 23.44
90 90.48 0.70 25.25
90 91.30 0.70 26.88
90 92.00 0.70 28.35
90 92.59 0.70 29.70
90 93.10 0.70 30.93
90 93.55 0.70 32.03
90 93.94 0.70 33.06
90 94.12 0.70 33.55
95 33.33 0.70 1.17
95 50.00 0.70 2.80
95 66.67 0.70 6.21
95 75.00 0.70 9.62
95 80.00 0.70 12.87
95 83.33 0.70 15.86
95 85.71 0.70 18.58
95 87.50 0.70 21.02
95 88.89 0.70 23.22
95 90.00 0.70 25.19
95 90.91 0.70 26.96
95 91.67 0.70 28.57
95 92.31 0.70 30.02
95 92.86 0.70 31.34
95 93.33 0.70 32.55
95 93.75 0.70 33.65
95 94.12 0.70 34.68
100 33.33 0.70 1.21
100 60.00 0.70 4.64
100 71.43 0.70 8.19
100 77.78 0.70 11.65
100 81.82 0.70 14.88
100 84.62 0.70 17.84
100 86.67 0.70 20.49
100 88.24 0.70 22.88
100 89.47 0.70 25.03
100 90.48 0.70 26.97
100 91.30 0.70 28.71
100 92.00 0.70 30.28
100 92.59 0.70 31.72
100 93.10 0.70 33.03
100 93.55 0.70 34.21
100 93.94 0.70 35.31
100 94.12 0.70 35.83